551 59
551 59
551 59
551 59
551 59
550 59
550 59
550 59
550 59
549 59
549 59
549 59
547 59
544 58
540 58
539 56
534 54
530 53
526 53
522 50
518 49
513 47
509 47
508 47
503 46
500 46
496 46
493 45
492 45
487 45
485 45
485 45
478 45
477 45
472 45
469 46
466 46
463 46
460 48
458 48
454 48
453 49
448 51
444 53
442 53
436 54
435 54
432 56
430 58
425 58
422 60
421 60
418 61
416 62
413 62
412 64
408 65
407 67
404 69
402 70
398 72
397 73
396 74
392 75
391 76
390 78
387 80
386 81
383 83
382 84
380 86
379 87
378 89
376 89
375 91
374 93
373 95
371 97
371 99
370 101
368 104
367 106
366 108
365 111
364 113
363 116
363 118
362 119
361 122
360 124
360 127
359 128
359 132
359 135
358 137
358 141
358 144
358 147
357 150
357 153
357 157
356 159
356 163
355 165
355 168
355 170
355 174
355 176
355 179
355 181
355 184
355 186
355 189
355 192
355 193
355 196
355 199
355 201
356 203
357 206
360 206
361 208
362 210
366 212
366 214
367 216
370 216
371 219
375 221
375 221
380 224
381 227
386 228
387 231
392 231
393 234
397 235
400 237
403 239
407 242
410 243
414 243
420 244
426 248
431 248
433 248
437 248
438 248
441 248
444 248
448 250
449 250
453 250
454 250
458 250
459 250
463 250
465 250
469 250
473 249
474 249
477 249
481 248
484 247
485 247
488 246
491 246
493 245
496 244
497 243
500 243
501 243
504 242
505 242
508 241
508 241
509 240
512 240
513 238
516 238
517 238
518 237
522 235
522 235
525 234
526 233
527 232
530 230
530 229
533 226
534 224
537 223
538 222
541 219
542 217
545 215
546 212
550 210
551 208
552 206
556 202
556 201
556 199
557 199
558 196
559 194
560 191
561 189
562 184
563 181
564 179
565 174
565 171
566 167
567 163
568 160
569 156
569 152
570 149
571 147
571 145
571 142
571 139
571 136
571 134
571 131
571 129
571 126
571 123
571 120
571 119
570 117
570 115
569 113
568 113
567 110
566 107
565 106
564 104
563 101
562 99
561 97
559 95
558 93
555 90
554 90
554 88
553 88
552 87
552 85
551 84
550 83
549 81
548 81
548 81
547 80
546 78
545 78
543 77
543 76
542 76
542 74
541 74
539 74
538 72
537 72
536 71
535 71
532 68
532 68
531 68
529 68
528 67
527 66
523 66
523 66
522 66
519 65
518 65
518 65
517 64
516 64
515 63
514 63
513 63
512 63
511 63
510 63
509 63
509 63
508 62
507 62
506 62
505 62
504 62
503 62
503 62
502 62
501 62
501 62
500 62
499 62
498 62
498 62
497 62
496 62
496 62
496 62
495 62
494 62
494 62
494 62
493 62
493 62
492 62
491 62
491 62
491 62
490 62
489 62
489 62
489 62
489 62
488 62
488 61
488 61