60 10
60 10
61 10
61 10
61 10
61 10
61 10
62 10
62 11
62 11
63 11
63 11
63 11
63 11
63 11
63 11
63 12
63 12
63 12
63 14
63 14
63 16
63 18
63 21
63 26
63 39
67 64
69 94
75 124
82 156
88 188
97 218
105 244
119 271
127 290
134 305
142 319
144 327
149 328
149 330
150 330
150 326
150 326
150 325
150 323
150 320
154 309
160 292
165 279
173 261
179 246
185 234
191 220
193 210
193 210
203 194
204 190
210 185
211 178
217 171
217 156
217 130
217 130
217 129
217 129
212 122
204 110
192 97
181 84
168 72
160 63
149 53
147 46
139 40
137 34
135 31
128 28
127 28
127 27
126 27
126 27
126 27
125 27
125 27
125 28
125 30
125 32
125 37
125 42
125 56
130 80
136 110
144 144
155 181
168 215
180 245
194 272
202 293
209 307
211 319
213 324
214 324
215 323
215 320
212 287
212 288
212 288
212 285
210 274
207 263
202 249
200 234
191 213
184 189
178 163
173 137
171 113
163 94
163 78
161 66
159 59
159 56
158 51
158 49
158 43
153 37
144 36
134 36
129 35
122 34
116 33
106 30
99 27
94 24
90 22
89 21
84 19
83 18
82 18
81 18
80 17
79 17
78 17
77 16
76 16
75 16
75 16
73 16
73 16
72 16
71 16
70 16
68 16
67 16
66 16
64 16
63 16
61 16
60 16
59 16
58 16
55 16
55 15
54 15
51 15
50 15
49 15
46 15
46 14
44 14
43 14
42 14
39 13
39 13
38 13
37 13
36 13
35 13
35 11
34 11
34 11
33 11
33 11
32 10
32 10
31 10
31 10
31 9
30 9
30 9
30 9
30 9
30 8
30 8
30 8
30 9
30 11
30 11
29 13
28 13
25 16
25 16
24 18
23 21
22 21
20 24
19 26
18 27
17 27
16 30
16 30
16 32
15 34
15 34
15 36
15 36
15 37
15 38
15 39
15 39
15 41
15 41
15 43
15 45
15 47
15 49
16 50
17 52
18 53
19 55
20 57
21 59
21 60
24 61
25 63
25 64
27 65
28 66
31 67
31 67
34 68
34 68
35 68
36 68
37 68
38 68
39 68
41 68
42 68
44 68
45 68
46 67
47 66
51 65
54 63
55 62
58 62
59 60
60 59
63 57
64 56
67 54
67 54
71 53
72 50
73 47
74 45
75 45
76 43
77 42
78 39
79 38
79 37
79 37
79 33
81 31
81 31
82 30
82 28
82 27
82 27
82 27
82 25
82 25
82 23
82 23
82 21
82 21
82 20
82 19
81 19
81 17
81 16
80 16
80 16
79 15
79 15
78 14
77 12
77 12
76 11
75 11
74 10
73 9
72 9
71 9
70 7
69 7
68 7
67 7
66 6
66 6
65 6
64 6
63 6
63 6
62 6
62 6
61 6
60 6
59 6
58 6
57 6
56 6
56 6
55 6
54 6
53 6
52 6
50 6
49 6
48 6
47 6
47 6
46 6
45 6
45 6
44 6
43 6
42 6
42 6
41 6
40 6
39 6
38 6
37 6
36 6
35 6
35 6
34 6
33 6
32 6
32 6
32 7
31 7
31 7
30 7
30 7
30 7
30 7
30 8
29 8
29 8
29 8
29 8
29 8
29 8
29 8
29 8
29 8
29 8
28 9
28 9
28 9