127 317
127 317
127 317
127 317
128 317
128 317
129 318
129 318
129 318
129 318
129 318
129 318
130 318
130 318
130 318
131 318
131 318
131 318
131 318
131 318
132 318
132 318
133 318
133 318
134 318
134 318
134 318
134 319
134 319
134 319
134 319
134 319
133 320
132 320
131 320
131 320
130 320
128 322
127 322
124 322
124 322
123 323
122 323
122 323
121 323
120 323
120 323
119 323
118 323
118 323
117 323
117 323
117 323
117 323
117 323
117 323
117 324
117 324
118 324
118 324
119 324
124 324
131 324
137 324
150 324
163 324
179 324
194 326
212 326
227 326
244 326
258 326
274 329
288 333
304 334
321 334
333 334
346 335
355 338
365 339
372 342
380 343
386 343
387 343
389 343
390 343
391 343
391 344
391 344
391 343
391 342
388 340
383 337
375 326
361 315
350 304
337 294
328 283
315 271
301 261
290 247
277 232
270 219
263 209
255 200
253 194
247 186
246 181
244 178
243 177
242 176
242 175
242 176
242 178
242 178
242 180
242 182
242 184
242 187
242 189
241 191
240 194
239 197
234 204
232 208
225 214
218 223
211 230
203 241
194 249
187 257
181 264
175 270
169 279
161 285
153 290
148 297
142 302
140 307
133 311
131 316
129 320
123 324
122 325
121 327
120 327
120 329
120 329
120 329
120 331
119 331
119 331
119 333
118 333
118 333
118 333