220 366
220 366
220 366
220 366
220 365
220 365
220 365
220 365
220 363
220 363
220 359
220 351
221 336
223 317
223 300
225 283
225 266
225 251
226 238
228 226
228 216
228 206
229 194
229 184
229 176
229 164
229 156
229 147
229 139
229 130
229 118
229 110
229 103
228 96
228 91
227 84
227 80
227 76
227 72
226 70
225 66
224 62
224 55
223 49
222 45
221 42
220 38
220 38
219 35
219 35
219 35
218 35
218 35
218 35
217 35
216 35
216 33
215 32
215 31
214 29
213 29
213 28
213 28
213 28
212 28
212 27
212 27
212 27
211 24
208 24
208 24
208 22
208 22
208 22
208 22
208 22
208 25
209 30
211 38
217 47
219 56
224 67
229 77
231 87
233 95
234 105
236 116
237 125
239 133
241 141
241 148
241 154
241 159
241 164
241 169
242 174
242 179
242 183
242 187
242 192
242 198
242 202
242 206
242 213
242 217
242 222
242 225
242 230
242 233
242 237
242 240
242 245
242 248
242 253
243 256
243 261
243 265
243 268
243 271
243 276
243 279
243 282
243 286
243 291
243 294
243 297
243 300
243 304
243 307
243 309
243 312
243 316
243 324
243 326
243 329
243 329
243 331
243 331
243 331
243 331
243 331
243 331
243 331
243 331