118 6
118 6
118 5
118 5
118 5
118 5
118 5
117 5
117 5
117 4
117 4
117 6
117 9
117 12
117 14
116 18
116 23
115 29
115 36
115 43
115 49
115 55
115 61
115 66
115 71
115 76
115 79
115 82
115 87
115 91
115 97
115 104
115 108
115 114
115 118
115 122
115 129
115 134
115 138
115 144
116 149
117 153
118 160
119 167
120 167
121 181
121 188
123 196
123 203
123 203
125 217
126 224
126 230
128 236
129 241
131 249
132 254
132 259
134 266
135 273
135 281
137 289
139 300
139 306
140 315
141 327
141 339
141 339
141 339
142 339
143 339
143 339
143 339
140 339
139 344
139 352
139 358
139 366
139 376
139 385
139 393
138 400
138 407
137 416
137 421
137 425
136 429
136 433
136 435
136 436
136 438
136 438
136 439
136 439
136 439
136 439
136 439
136 439
136 439
135 439
135 439
135 439