167 113
167 113
167 113
168 113
169 113
169 113
169 113
169 113
170 113
170 113
170 113
170 113
170 113
171 113
171 113
171 113
171 113
171 113
171 113
172 114
172 114
172 114
172 114
172 114
172 117
172 117
172 118
172 120
172 120
172 122
173 122
173 125
174 130
174 144
176 164
178 185
178 204
178 220
178 236
178 246
178 254
179 262
179 269
179 275
180 281
180 282
180 282
181 282
181 280
181 280
181 278
181 277
182 276
182 275
182 271
183 268
184 261
186 251
187 238
187 223
187 206
176 171
169 152
162 137
157 123
151 112
149 100
147 92
142 86
142 81
142 77
142 77
142 77
142 77
142 77
142 77
142 77
142 78
141 80
141 80
141 80
140 81
140 83
140 83
140 83
140 84
140 84
140 84
140 86
140 88
140 88
140 90
140 91
140 94
141 98
147 114
149 129
156 149
158 164
159 178
161 194
163 206
165 217
167 230
168 237
170 246
170 253
170 261
170 269
170 275
170 280
171 281
171 285
171 285
171 288
171 288
171 288
171 288
171 288
172 287
172 286
172 285
172 285
173 284
173 283
174 281
175 281
175 281
187 277
195 276
207 270
226 270
245 265
263 260
281 256
300 252
317 251
332 247
341 247
349 246
357 243
358 243
363 243
364 243
365 243
366 243
366 243
366 243
366 243
366 243
366 243
366 242
366 242
366 242
366 241
366 241
366 238
366 236
366 232
365 224
359 214
357 203
352 190
350 175
343 159
341 140
340 127
335 112
333 101
331 93
329 87
329 85
328 84
327 84
327 83
327 83
326 83
326 84
326 84
326 86
326 86
326 86
326 87
325 87
324 87
323 88
322 88
317 89
313 91
306 91
298 93
287 93
278 94
267 95
252 95
238 95
226 95
214 95
206 95
198 95
191 95
184 95
170 94
165 94
160 94
154 94
153 94
149 94
148 94
147 94
145 94
144 94
143 94
142 94
141 94
140 94
139 94
140 94
140 94
140 94