250 178
243 168
231 152
223 139
213 127
205 117
198 109
193 100
191 94
184 88
183 84
181 81
176 78
176 69
174 68
174 68
173 65
172 65
172 65
171 64
170 62
170 62
170 62
169 62
169 61
169 61
169 61
169 61
169 61
169 61
169 62
169 62
169 63
169 63
169 65
169 68
169 70
169 72
169 76
169 79
169 83
169 90
169 99
169 110
169 120
169 129
170 139
170 147
170 154
171 161
172 168
172 175
173 180
174 185
174 190
174 194
174 200
174 205
174 209
174 213
174 214
174 217
174 219
174 221
174 224
174 224
174 227
174 227
174 228
174 230
174 231
174 231
174 231
174 231
174 231
174 231
175 230
177 230
180 229
184 229
188 228
195 228
203 227
211 226
218 224
224 224
232 223
238 222
244 222
250 222
256 222
261 222
266 222
267 222
272 222
275 222
276 222
276 222
279 222
279 222
283 222
283 222
286 222
287 222
291 222
294 222
294 222
297 222
297 222
298 223
298 223
299 223
300 223
300 223
301 223
301 223
302 223
303 223
303 223
303 223
303 223
303 223
303 222
303 220
303 215
305 209
307 201
308 189
308 179
310 169
315 157
315 147
315 137
315 131
315 125
315 117
315 110
317 105
317 98
317 93
318 86
318 80
318 75
318 68
318 62
318 61
318 60
318 58
318 59
318 59
318 59
316 61
313 61
312 63
309 63
308 63
304 65
303 65
299 66
296 67
295 67
290 69
286 70
283 70
279 71
274 73
268 73
263 73
259 73
255 73
251 73
247 74
243 74
239 75
236 75
233 76
232 76
227 76
222 76
218 77
214 77
211 77
208 77
206 78
202 78
201 78
197 78
196 78
192 79
189 79
188 79
186 79
183 79
182 79
178 79
175 79
175 79
174 79