333 54
334 54
334 54
334 54
334 54
334 54
334 54
334 55
335 55
335 56
335 59
335 61
336 66
336 74
336 86
338 99
338 108
340 117
343 126
343 134
343 143
343 150
344 159
344 165
344 175
344 182
344 188
344 204
344 211
345 211
346 222
346 227
346 231
347 236
347 240
347 244
347 248
347 251
347 255
347 259
348 263
348 267
348 273
348 277
349 282
349 286
349 289
349 295
349 300
349 303
349 310
349 312
349 314
349 317
349 318
349 319
349 320
349 321
349 322
349 322
350 322
350 322
350 322
351 322
351 322
351 321
355 321
359 321
362 321
368 321
373 321
380 320
384 318
392 318
400 317
411 314
426 313
438 313
447 313
455 313
462 313
470 313
478 313
489 313
496 313
503 313
509 312
514 312
518 312
522 312
526 312
528 310
535 310
540 310
549 309
556 309
562 309
566 309
574 310
578 310
584 310
588 310
592 310
594 310
598 310
599 310
602 310
603 310
606 310
606 310
606 310
607 310
607 310
608 310
608 310
608 310
608 310
608 310
608 310
609 310
609 310
607 310
606 307
605 299
599 288
599 275
598 262
596 249
594 237
593 226
593 217
593 207
592 196
592 188
590 177
588 168
587 159
586 151
585 144
585 137
584 128
584 120
583 112
583 104
582 96
581 92
581 86
581 80
581 76
581 71
581 65
581 60
581 55
580 48
580 48
580 40
580 34
580 31
580 29
580 28
580 29
580 29
579 29
579 29
579 29
578 31
578 31
577 31
576 31
572 33
571 33
567 34
565 34
561 35
557 35
555 36
551 37
547 37
544 38
541 38
536 38
533 40
529 40
524 40
519 40
514 41
508 41
503 41
498 41
492 41
485 41
480 41
475 42
469 42
460 42
454 42
446 42
440 42
433 41
428 41
422 40
417 38
412 38
406 38
398 38
393 38
387 38
383 38
379 37
378 37
376 37
373 37
372 37
371 37
370 37
369 37
368 37
367 37
365 37
364 37
363 38
361 38
360 38
359 38
359 38
357 38
356 39
355 41
351 41
350 41
346 41
345 41
344 41
343 41
343 41
342 41
341 41
340 42
339 42
336 42
336 42
335 42
334 42
334 42
334 42
333 42
332 42
332 42
332 42
331 42
331 42
331 41
331 41
331 41
331 41