110 46
110 46
110 46
110 46
110 48
110 49
110 50
110 50
110 53
110 55
110 57
110 59
110 62
110 65
111 69
111 75
111 87
112 94
112 102
112 112
113 118
113 123
113 132
114 139
114 145
116 152
116 159
116 166
116 170
116 176
116 181
116 185
117 192
117 197
117 204
117 211
117 217
117 222
117 227
117 233
118 237
118 242
118 248
118 251
118 257
118 260
118 265
119 270
119 272
119 276
119 280
119 283
119 285
119 289
120 293
120 296
120 298
120 301
120 304
120 307
120 308
120 311
120 312
120 315
120 315
120 318
120 318
120 317
121 317
121 317
121 317
122 316
123 316
126 316
130 316
135 316
142 316
149 315
157 313
166 313
172 313
179 313
185 313
192 313
205 313
210 313
215 312
219 312
224 312
225 312
230 312
231 312
235 312
238 312
242 311
246 311
250 311
253 311
256 310
260 309
261 309
266 309
269 308
272 308
276 308
279 308
282 308
285 308
289 308
292 308
296 308
299 308
300 308
305 307
309 306
314 306
317 306
322 307
328 308
335 308
341 310
345 310
346 310
349 310
350 311
351 311
351 311
351 311
351 311
352 311
355 311
359 311
360 311
361 311
365 311
365 311
366 311
370 311
371 311
372 311
372 311
373 311
374 311
374 311
374 311
372 308
368 304
368 296
366 288
365 283
363 275
361 270
360 263
358 257
355 248
355 238
353 227
352 218
351 210
351 203
351 197
351 192
351 184
351 174
351 165
350 156
349 156
349 143
349 138
349 135
349 130
349 122
349 115
349 110
349 102
349 98
349 91
349 88
349 86
349 84
349 82
349 79
349 77
349 70
349 69
349 66
349 64
349 64
349 64
348 64
348 64
348 64
347 64
347 64
347 64
346 64
345 64
343 64
339 64
338 65
334 65
331 65
327 65
323 66
318 66
313 66
309 66
303 68
298 68
293 70
288 70
284 70
280 70
272 73
265 73
258 73
253 73
242 73
238 73
232 73
226 73
221 73
215 73
211 73
205 73
198 73
193 73
190 73
188 73
185 73
184 73
180 72
177 72
176 72
172 72
171 72
168 72
167 72
166 72
165 72
164 72
162 72
160 72
159 72
158 72
157 72
154 72
153 72
152 72
149 72
149 72
147 72
146 72
145 72
144 72
143 72
142 72
141 72
141 72
140 71
139 71
138 71
137 71
136 71
135 71
134 71
133 71
131 71
130 71
130 71
128 71
127 71
126 72
125 72
123 72
122 72
121 72
120 72
119 72
118 72
117 72
116 72
114 72
114 72
113 72
113 72
113 72
113 73
112 73
112 73
112 73
112 73
112 73
112 73
112 73
113 73
113 73
113 73
113 73
113 73