188 60
188 60
188 60
189 60
189 60
189 60
189 61
189 60
185 59
181 58
180 58
179 57
176 57
176 56
175 56
175 56
175 56
175 56
175 56
175 56
176 56
176 56
177 57
178 59
183 63
189 67
198 77
209 87
221 98
231 110
244 124
262 140
278 154
290 168
301 179
312 190
322 198
332 207
343 213
349 217
356 224
358 225
364 230
365 231
369 234
371 237
377 240
378 241
379 243
380 243
381 245
383 245
383 246
384 247
384 248
385 248
385 249
386 249
386 249
386 249
386 249
387 249
387 249
387 250
387 250
387 250
387 250
387 250
387 250
387 250
387 249
387 249
387 248
387 248
387 248
387 248
387 248
387 247
387 247
387 247
387 246
387 246
387 244
387 244
387 242
386 239
386 231
386 219
386 209
386 196
386 187
386 175
385 167
385 159
385 149
384 139
384 132
383 124
382 116
381 108
380 99
380 92
380 86
378 80
378 74
377 65
375 61
375 55
375 49
375 43
375 38
375 34
375 29
375 24
375 21
375 20
375 20
375 20
375 20
375 20
375 21
375 21
375 21
375 21
375 21
375 21
374 21
374 22
374 22
374 23
374 23
374 23
374 23
374 23
374 24
374 24
374 24
374 24
374 24
374 24
374 25
374 25
373 25
373 25
373 27
373 27
372 28
371 29
370 32
369 32
368 35
367 36
363 39
362 42
357 45
351 53
346 58
340 66
335 70
328 77
323 83
318 91
311 98
305 106
297 116
291 123
284 129
278 137
270 146
264 152
257 158
251 164
244 168
239 174
233 180
226 186
224 192
223 192
213 201
212 204
209 206
208 208
207 209
206 209
205 212
204 212
203 215
202 215
201 215
201 215
200 215
200 215
200 215
200 215
200 215
200 215
200 215
200 215
200 215
200 215
200 216
200 216
200 216
200 216
201 216
201 216
202 215
202 213
202 213
203 213
204 213
204 213
205 213
205 213
206 213
207 213
207 212
210 212
211 210
214 210
222 205
233 200
247 190
262 184
278 178
292 171
307 165
319 160
336 153
350 148
365 144
375 139
388 132
397 128
406 123
417 119
427 116
436 113
443 112
446 109
452 108
458 107
463 104
464 104
467 102
468 102
469 101
472 101
473 101
474 100
475 100
476 100
476 99
477 99
478 98
478 98
478 98
479 98
480 96
481 96
482 96
483 96
483 96
483 96
484 96
484 96
484 96
484 95
485 95
485 95
485 95
485 95
485 95
486 95
486 95
486 95
486 94
486 94
486 94
486 94
486 93
486 93
485 93
485 93
483 93
482 93
481 93
477 93
473 93
468 91
462 91
457 91
450 90
441 90
433 89
424 89
415 88
405 87
397 87
375 87
365 87
355 87
348 87
341 87
335 87
329 88
323 88
314 88
309 88
303 91
298 91
296 91
293 91
292 91
288 91
287 91
284 91
283 91
279 90
278 90
275 90
274 90
271 90
271 90
270 90
270 90
270 90
270 91
270 91
270 91
270 91
270 91
269 92
269 92
268 92
268 92
268 92