237 37
237 37
237 37
237 38
237 38
237 39
237 42
237 44
237 44
237 44
233 47
232 49
227 52
224 56
222 57
219 60
215 60
211 64
209 65
203 67
202 67
199 67
198 69
194 69
194 70
193 70
193 70
192 70
192 70
191 70
191 70
190 70
190 70
190 69
190 69
190 69
190 67
191 67
192 67
193 67
194 67
195 67
200 67
206 67
215 67
239 68
257 68
279 68
299 69
317 70
317 70
358 72
372 72
395 72
404 72
411 72
413 72
416 72
417 72
418 72
418 72
418 72
418 72
418 72
418 72
418 72
418 72
418 73
418 73
418 73
418 73
419 74
420 74
423 75
428 78
436 83
446 90
457 95
466 101
473 105
483 111
490 115
499 120
504 122
511 125
516 128
522 130
530 133
536 138
541 139
547 141
549 142
553 142
553 144
554 144
554 144
554 144
554 144
554 144
553 146
550 149
548 151
543 155
536 164
530 173
521 186
515 198
506 212
496 226
476 256
466 273
457 288
449 304
439 318
431 333
424 345
422 354
413 365
411 371
404 375
404 376
403 376
403 376
403 376
403 376
403 375
403 375
403 375
403 374
403 374
402 374
402 372
402 372
401 371
400 369
399 366
395 366
391 359
383 351
378 343
373 333
367 324
359 315
349 302
338 290
330 277
322 267
314 258
311 253
306 245
300 239
298 236
290 228
287 227
280 220
273 215
271 210
266 209
265 208
264 207
264 206
263 206
262 206
262 206
262 206
262 206
262 207
262 207
262 207
262 207
262 207
262 207
262 208
261 208
260 208
260 208
260 208
259 208
260 208
260 208
264 206
267 206
270 203
277 199
288 190
296 182
305 175
314 169
323 160
333 152
343 143
350 136
357 130
359 124
367 120
369 114
371 113
373 113
374 111
374 111
374 111
375 111
375 111
375 111
375 111