245 130
245 130
245 130
246 130
246 130
246 130
246 130
246 130
247 130
248 130
248 130
248 130
249 130
250 130
251 130
254 128
258 127
263 124
271 119
280 113
291 108
305 102
319 97
333 92
344 87
353 86
363 81
373 77
383 77
383 83
404 84
383 79
379 79
374 78
369 77
365 77
360 76
356 74
352 73
349 73
345 73
341 72
338 72
336 72
333 71
332 71
328 71
327 71
323 71
323 71
320 71
320 70
319 70
317 70
316 70
315 70
314 70
314 70
313 70
312 70
311 70
311 70
310 70
310 70
309 70
309 70
309 70
309 70
309 70
310 70
311 71
311 71
311 71
312 71
313 71
317 72
321 72
326 72
330 73
335 73
340 73
347 74
353 74
359 74
364 74
370 74
376 74
382 74
391 74
402 74
409 74
416 74
422 74
430 74
438 73
445 73
453 73
459 73
465 69
471 69
476 69
480 69
483 69
486 69
489 69
493 69
496 69
500 69
503 69
504 69
504 69
505 69
506 69
506 69
506 69
506 69
506 69
506 69
506 69
506 70
506 70
506 71
506 71
506 72
506 73
506 73
507 73
507 73
508 74
509 75
510 76
511 76
512 78
517 80
517 81
518 82
519 82
526 86
531 89
538 93
544 96
555 103
565 109
574 112
581 117
583 119
593 124
597 128
603 132
608 133
613 136
615 139
623 140
628 143
633 144
639 148
640 150
648 155
649 155
653 157
653 157
656 158
657 158
658 159
658 159
659 160
659 160
659 160
659 160
659 160
659 160
659 160
659 160
659 160
659 160
659 160
659 160
659 160
659 160
659 161
659 161
659 161
659 161
659 162
659 164
659 164
658 166
654 168
654 170
653 173
648 176
643 182
635 189
627 196
618 206
610 213
605 217
602 223
602 223
591 233
589 241
588 241
577 248
574 253
564 259
562 265
554 269
548 273
541 279
540 282
537 284
532 287
531 290
527 291
525 294
521 300
520 304
515 307
515 309
511 313
510 313
508 317
504 318
503 320
498 321
498 323
497 323
493 325
492 325
491 327
489 329
486 329
485 332
482 334
482 334
481 335
480 335
479 336
478 338
478 338
477 339
476 340
474 343
473 343
472 346
471 346
470 347
468 349
468 349
467 350
466 350
466 352
465 352
463 354
462 354
462 354
461 355
460 355
460 356
460 356
460 356
459 356
459 356
459 356
459 356
459 356
459 355
459 355
459 355
459 355
459 354
459 354
459 354
459 353
459 353
459 353
459 352
459 352
459 352
459 351
459 351
458 350
457 348
453 345
449 342
442 337
434 331
429 327
427 321
421 316
414 308
409 304
407 297
399 291
394 284
384 274
382 268
375 263
368 257
366 251
360 246
358 241
353 236
351 232
345 228
343 223
338 218
336 213
331 208
326 204
325 200
323 198
319 197
318 194
317 191
315 191
314 189
314 189
312 187
312 187
312 187
312 186
311 186
311 187
311 187
311 187
311 187
311 187
311 188
311 188
311 188
311 189
311 189
311 189
312 189
312 189
313 189
313 189
314 189
315 189
316 189
316 189
318 189
319 188
320 186
324 184
328 182
331 180
335 177
341 173
349 167
366 154
373 149
378 145
379 142
386 137
391 135
396 130
398 127
405 123
411 119
413 115
423 110
425 106
431 102
433 99
440 95
441 92
446 90
447 87
452 83
453 80
458 77
458 76
460 74
461 74
462 73
463 72
463 72
464 71
464 71
465 71
465 70
465 70
466 70
466 70
466 70