127 304
127 305
128 305
129 307
129 307
130 307
131 307
131 307
131 307
132 308
132 308
132 308
132 308
132 308
133 308
133 308
133 308
133 308
133 309
133 309
133 309
133 309
133 309
133 310
133 310
133 310
133 310
133 311
133 311
133 311
133 311
133 311
133 311
133 311
133 311
133 311
133 312
133 312
133 313
133 313
133 314
133 314
133 314
133 314
133 315
133 315
133 316
133 317
133 317
133 318
133 318
133 318
133 319
133 319
133 319
133 319
133 319
133 319
132 319
132 319
132 319
132 319
132 318
132 318
132 318
132 318
132 316
132 315
132 315
132 314
132 314
132 314
132 313
132 313
133 311
133 311
134 310
135 310
136 308
139 306
142 303
149 296
156 290
164 283
172 272
182 266
191 256
197 249
204 242
209 235
216 227
224 218
229 212
231 203
240 196
246 190
248 183
255 178
257 174
264 166
266 162
272 156
274 153
276 149
280 148
280 144
282 141
286 139
286 137
287 133
291 131
292 128
293 125
295 123
296 120
298 117
299 115
303 112
303 110
304 108
306 106
307 104
310 102
312 97
313 96
314 94
315 92
316 92
317 91
318 88
318 88
319 88
319 87
319 86
319 85
319 85
320 84
320 84
320 83
321 83
321 83
321 83
321 84
321 84
321 85
321 85
321 88
321 88
321 88
321 91
323 92
326 95
326 97
327 98
331 100
335 104
336 108
340 111
342 116
343 120
350 124
351 130
356 135
358 141
365 147
371 155
373 161
381 167
383 173
391 178
393 185
398 189
401 198
407 203
408 208
415 213
416 219
421 223
423 230
433 237
435 244
443 251
450 256
458 264
465 271
471 277
476 282
482 291
485 298
491 301
493 304
495 309
500 309
500 311
500 311
500 311
500 312
500 312
501 312
501 312
501 312
501 312
501 312
502 312
502 312
502 313
502 313
501 313
494 313
487 313
480 313
470 313
456 313
445 313
436 313
427 312
418 311
409 311
396 311
383 310
370 309
358 307
344 307
332 307
320 307
305 307
292 306
281 305
269 305
257 304
245 304
233 303
224 303
214 303
206 301
197 301
190 301
182 301
175 301
168 301
160 301
153 301
147 301
141 301
137 301
132 301
131 301
127 301
126 301
123 301
121 302
119 302
118 302
117 302
115 302
114 302
113 302
113 302
113 302
113 302
113 302
113 302