124 46
124 45
124 45
124 44
124 44
124 43
124 43
124 42
124 41
124 41
124 40
124 40
124 39
124 39
124 39
124 38
124 38
124 38
124 38
124 38
124 39
124 39
124 40
124 41
124 41
124 42
124 45
124 46
124 50
124 53
124 58
124 71
124 78
125 87
126 96
126 103
127 111
128 119
128 129
128 139
129 147
129 147
129 164
131 174
131 179
131 186
131 193
131 206
131 212
131 224
131 231
131 236
131 244
131 252
131 260
131 266
131 271
131 275
131 281
131 289
131 295
131 299
131 303
131 304
131 303
131 303
131 302
131 302
131 301
131 301
131 301
132 301
132 301
132 299
133 299
139 299
146 298
153 298
158 298
165 298
173 298
180 295
187 295
193 295
201 294
207 294
212 294
216 294
222 294
227 293
233 293
240 293
245 291
252 292
262 292
267 292
274 292
280 294
290 293
296 293
302 293
306 295
308 294
309 294
312 294
312 294
313 295
314 295
315 295
316 295
317 296
317 296
317 294
317 294
317 294
317 296
319 293
319 293
319 293
319 293
319 293
319 293
319 294
319 293
320 293
320 293
320 292
320 289
320 286
320 282
320 276
320 270
319 263
318 259
317 253
315 249
314 245
312 241
311 236
310 233
309 229
307 225
305 218
303 210
302 206
301 200
299 195
297 191
297 184
295 179
294 175
292 166
290 162
289 157
287 152
287 148
286 143
286 138
286 134
286 131
286 126
285 123
285 115
285 112
285 109
284 105
284 100
284 96
284 96
284 94
284 90
284 90
283 87
283 85
283 84
283 81
283 79
283 78
283 76
283 76
283 76
283 75
283 75
283 75
283 75
283 74
283 74
282 72
282 71
282 70
282 69
282 68
282 67
282 65
282 65
282 64
282 63
282 63
282 61
282 59